DEVICE:AAZT4CS1D
LOT:MBZ252130
WAFER:23
FNLOC:180
ROWCT:9
COLCT:5
BCEQU:00
REFPX:1
REFPY:9
DUTMS:MM
XDIES:47.633404
YDIES:29.804607
RowData:__ 00 DF __ __
RowData:00 DF 00 00 __
RowData:DF 00 00 00 __
RowData:DF 00 00 00 00
RowData:00 00 00 00 DF
RowData:00 OT 00 PT 00
RowData:DF 00 00 00 __
RowData:00 DF DF DF __
RowData:__ 00 DF __ __
