DEVICE:AAZT4CS1D
LOT:MBZ252130
WAFER:18
FNLOC:180
ROWCT:9
COLCT:5
BCEQU:00
REFPX:1
REFPY:9
DUTMS:MM
XDIES:47.633404
YDIES:29.804607
RowData:__ PT DF __ __
RowData:00 00 DF DF __
RowData:00 DF 00 00 __
RowData:00 00 00 00 00
RowData:00 00 00 00 00
RowData:00 00 DF 00 00
RowData:00 00 00 DF __
RowData:OT 00 00 00 __
RowData:__ DF 00 __ __
